1523957607455213568.000000 0.000000000 0.000000000 0.000000000 -0.000000000 -0.000000000 -0.000000000 1.000000000
1523957608053646848.000000 0.005900092 -0.012920089 0.027394857 -0.000806098 -0.002370331 -0.019298695 0.999810636
1523957608103763712.000000 0.007191908 -0.013995156 0.029609602 -0.000605984 -0.002408153 -0.020378139 0.999789298
1523957608504318208.000000 0.015665326 -0.024559977 0.048451602 0.001220361 -0.000340557 -0.028262554 0.999599755
1523957611255644672.000000 -0.009425981 -0.052180037 0.166494459 -0.035963435 -0.073138081 -0.033834692 0.996098757
1523957611805361152.000000 0.052608803 -0.085140638 0.151716977 -0.036479071 -0.075266242 -0.029467100 0.996060252
1523957611855128576.000000 0.059965201 -0.088987611 0.150073528 -0.036370981 -0.074890591 -0.029254073 0.996098757
1523957611906798848.000000 0.066682011 -0.091822796 0.148256958 -0.035506401 -0.074036211 -0.029060943 0.996199489
1523957612306509312.000000 0.124474958 -0.118760057 0.132092804 -0.032861039 -0.070376955 -0.028916772 0.996559620
1523957613555976704.000000 0.227889955 -0.170006216 0.079243697 -0.037160002 -0.081756674 -0.023905855 0.995672405
1523957614306400000.000000 0.302615732 -0.228474528 0.051714759 -0.033496391 -0.082193121 -0.032121029 0.995535314
1523957614507773952.000000 0.328913599 -0.250981748 0.045626480 -0.030357666 -0.080390237 -0.036835782 0.995619893
1523957614906682368.000000 0.367122591 -0.289598972 0.043342266 -0.025562564 -0.075244911 -0.047709171 0.995695055
1523957615307495168.000000 0.390185773 -0.304640621 0.051305253 -0.023157531 -0.074700199 -0.063306190 0.994925082
1523957618159559680.000000 0.315161407 -0.393711060 0.132593617 -0.060217071 -0.132759452 -0.142157242 0.979050636
1523957618558127616.000000 0.337030828 -0.446216226 0.127886623 -0.064066671 -0.126984835 -0.152061939 0.978083611
1523957618708189696.000000 0.343210995 -0.465904772 0.124597043 -0.065456621 -0.123775013 -0.156429917 0.977714121
1523957619109157888.000000 0.359180778 -0.521185100 0.120130531 -0.069023214 -0.119167313 -0.168092072 0.976104498
1523957619608484864.000000 0.386320770 -0.602075458 0.122103952 -0.076778032 -0.121226341 -0.152336329 0.977856278
1523957620660548096.000000 0.439034820 -0.720676601 0.160072714 -0.099529706 -0.125603572 -0.130778015 0.978373468
1523957621859367424.000000 0.403115660 -0.829795420 0.213693485 -0.119672447 -0.135109365 -0.173838869 0.968093038
1523957622059509760.000000 0.392220765 -0.856309831 0.222110748 -0.124545038 -0.137573019 -0.171043232 0.967629313
1523957622259632896.000000 0.387444794 -0.881557882 0.230607033 -0.128257111 -0.140227646 -0.162288055 0.968271077
1523957623460529408.000000 0.426293612 -1.014050484 0.297614276 -0.162936896 -0.149908736 -0.109588772 0.969004273
1523957624560560640.000000 0.477307528 -1.119761229 0.357448697 -0.189308330 -0.152502149 -0.095459543 0.965294242
1523957624812210688.000000 0.477371931 -1.144739866 0.367394447 -0.194480032 -0.153297469 -0.097109653 0.963974655
1523957625360908288.000000 0.468229026 -1.201755762 0.388261616 -0.204796910 -0.155562073 -0.104188949 0.960730672
1523957625762509056.000000 0.460432857 -1.245497227 0.403730094 -0.212999791 -0.158731565 -0.110160865 0.957757771
1523957626161184768.000000 0.459150732 -1.294568419 0.423531801 -0.219640613 -0.159748137 -0.120336846 0.954859972
1523957626461535232.000000 0.461091578 -1.336215615 0.443122447 -0.225107342 -0.159293741 -0.131155282 0.952234507
1523957627312841728.000000 0.459538817 -1.452871084 0.506168008 -0.239428908 -0.161614329 -0.165957838 0.942874670
1523957627511484160.000000 0.456056803 -1.477145195 0.521171153 -0.242303029 -0.162867278 -0.174345896 0.940407872
1523957627761829632.000000 0.451872408 -1.509914517 0.543496192 -0.246487826 -0.165401459 -0.185065001 0.936822891
1523957627862717952.000000 0.448192775 -1.522715688 0.553036511 -0.248904914 -0.166071236 -0.189441755 0.935189009
1523957628312851712.000000 0.424032986 -1.567289829 0.586743653 -0.259081185 -0.171785429 -0.204762757 0.928137362
1523957629914444800.000000 0.355481178 -1.685691595 0.683424294 -0.300127536 -0.192650601 -0.238045231 0.903406680
1523957630013127936.000000 0.352977812 -1.694277525 0.688822031 -0.301684737 -0.192904308 -0.241139844 0.902012110
1523957630363457280.000000 0.346020579 -1.724925995 0.708133340 -0.307754248 -0.196036503 -0.251565307 0.896421731
1523957630663610112.000000 0.340252101 -1.753665924 0.724881649 -0.313265055 -0.198915794 -0.259219497 0.891685426
1523957630814642432.000000 0.338227272 -1.768185139 0.733255386 -0.316551596 -0.200331837 -0.261238247 0.889616132
1523957630964962048.000000 0.338198543 -1.782173395 0.741014838 -0.319732755 -0.202380344 -0.261893630 0.887820303
1523957631313899520.000000 0.343847930 -1.818158388 0.764626622 -0.325363785 -0.205403686 -0.262794137 0.884809017
1523957631814481152.000000 0.362003922 -1.872913122 0.805459380 -0.326430678 -0.207107037 -0.272279352 0.881143391
1523957632014849536.000000 0.368438244 -1.893231273 0.822107196 -0.326513737 -0.210110173 -0.278165311 0.878559351
1523957632413727744.000000 0.371094406 -1.923627615 0.847067118 -0.327063262 -0.216165662 -0.290691406 0.872811913
1523957632964486656.000000 0.365875721 -1.953997254 0.879267812 -0.329130054 -0.226113081 -0.312152624 0.862036586
1523957633714998784.000000 0.352892101 -1.981713533 0.922148108 -0.334130734 -0.241313905 -0.338870794 0.845748663
1523957634064548864.000000 0.352257669 -1.994531274 0.944104970 -0.340097100 -0.247843340 -0.340328038 0.840883136
1523957635866769664.000000 0.392426014 -2.092475891 1.067911267 -0.373183370 -0.268927276 -0.324656576 0.826444507
1523957636316127744.000000 0.390021920 -2.108524561 1.075819373 -0.381032765 -0.275989354 -0.326331764 0.819848537
1523957636966106880.000000 0.391712427 -2.138700008 1.086646318 -0.387892008 -0.284785151 -0.332279861 0.811188817
1523957637217125888.000000 0.398318052 -2.156749010 1.096353292 -0.388542056 -0.286647797 -0.331973255 0.810346782
1523957637567586048.000000 0.408815145 -2.192657232 1.122935653 -0.389981598 -0.287701339 -0.330847472 0.809742093
1523957637867478272.000000 0.418069124 -2.224848509 1.147953033 -0.386937320 -0.288528055 -0.335249484 0.809097528
1523957638216659968.000000 0.427775145 -2.260827065 1.179277182 -0.380175501 -0.291248560 -0.343597025 0.807825446
1523957638417313024.000000 0.429820299 -2.279762268 1.197300434 -0.376965135 -0.293030083 -0.349750310 0.806043029
1523957638617993472.000000 0.429878712 -2.293472290 1.213613391 -0.374029249 -0.295930356 -0.356690288 0.803305268
1523957639317233408.000000 0.417526960 -2.304885387 1.250932932 -0.372185707 -0.311753213 -0.379117399 0.787754893
1523957640117826048.000000 0.402870178 -2.283664227 1.284884214 -0.377658308 -0.332333356 -0.401550740 0.765301108
1523957640517273600.000000 0.410618186 -2.284092903 1.321516275 -0.390026689 -0.337892711 -0.388787389 0.763251007
1523957640667301120.000000 0.416696072 -2.287118196 1.341408610 -0.399579108 -0.336610287 -0.374500930 0.766014993
1523957640867304704.000000 0.428717971 -2.292660713 1.369945526 -0.413364768 -0.333979368 -0.351591647 0.770694911
1523957641117812992.000000 0.446854830 -2.299255133 1.406696796 -0.427645981 -0.331916869 -0.326974332 0.774621129
1523957641469798656.000000 0.486089587 -2.312395573 1.469670296 -0.452875376 -0.321781427 -0.275364161 0.784560502
1523957642019092480.000000 0.553708315 -2.324931622 1.555856466 -0.488002896 -0.306111723 -0.202285543 0.791978121
1523957642168034560.000000 0.572192907 -2.328170776 1.577327967 -0.494500577 -0.304823548 -0.189709559 0.791556776
1523957642319008512.000000 0.587928176 -2.331655741 1.596110463 -0.499461085 -0.302922606 -0.180573776 0.791308820
1523957642569075968.000000 0.612474918 -2.338549852 1.625926495 -0.506522357 -0.301068723 -0.169353142 0.790007830
1523957642669806080.000000 0.622611761 -2.341430664 1.637544870 -0.508672595 -0.301437557 -0.165478870 0.789306223
1523957642768242688.000000 0.631096721 -2.345131397 1.648328185 -0.510465980 -0.301223993 -0.162292674 0.788891435
1523957643918723072.000000 0.654776931 -2.442206621 1.792897582 -0.533330381 -0.312726825 -0.131737128 0.774858594
1523957644268718592.000000 0.644943118 -2.478576183 1.833254576 -0.544555843 -0.314234197 -0.123744629 0.767725945
1523957644418718464.000000 0.643074393 -2.493150711 1.851776838 -0.548869073 -0.314880729 -0.121591285 0.764727712
1523957644619802112.000000 0.643969893 -2.512054920 1.879229307 -0.553999662 -0.315497190 -0.120136410 0.760994911
1523957644869894144.000000 0.654025435 -2.533606529 1.919005871 -0.557544351 -0.317085594 -0.122427545 0.757372141
1523957645019525632.000000 0.662992477 -2.543210030 1.941393256 -0.558743417 -0.318192422 -0.125411257 0.755533874
1523957645519354112.000000 0.689194441 -2.567100525 2.009225607 -0.557514727 -0.323577106 -0.147933915 0.750060499
1523957645870342912.000000 0.697689176 -2.578534842 2.044165134 -0.553278148 -0.331158966 -0.165028989 0.746312678
1523957646069576448.000000 0.691588283 -2.587859631 2.062678814 -0.552269757 -0.334823102 -0.174371779 0.743294060
1523957646721060608.000000 0.662475109 -2.621042967 2.155007362 -0.560963750 -0.344242692 -0.176181480 0.731967688
1523957646871703808.000000 0.663166404 -2.626029253 2.185146809 -0.565639198 -0.343828261 -0.169763848 0.730078518
1523957647020754688.000000 0.660199523 -2.630669117 2.212003946 -0.569381237 -0.342179596 -0.164353639 0.729181826
1523957647320623104.000000 0.659389019 -2.635590076 2.271064758 -0.579269290 -0.339713633 -0.148600250 0.725919902
1523957647470585600.000000 0.659411311 -2.635248423 2.298333406 -0.585568726 -0.337088048 -0.139365479 0.723918617
1523957647671372544.000000 0.658986688 -2.629776001 2.327238798 -0.591663480 -0.335558683 -0.132311523 0.720991313
1523957647970608640.000000 0.656905651 -2.614484072 2.361131191 -0.598724961 -0.336743861 -0.132786646 0.714492619
1523957649371624960.000000 0.595448375 -2.546663761 2.387403488 -0.636759579 -0.365551800 -0.153282642 0.661372483
1523957649671532544.000000 0.592339396 -2.551471233 2.414391994 -0.643418431 -0.370973438 -0.151850671 0.652175486
1523957649821260032.000000 0.591624737 -2.556753159 2.431410313 -0.645837069 -0.373225540 -0.151311636 0.648615420
1523957649972198912.000000 0.592556357 -2.563225746 2.452969313 -0.647787869 -0.375393480 -0.150415078 0.645620644
1523957650071680768.000000 0.593721509 -2.568112850 2.468167067 -0.648815572 -0.376331538 -0.149690688 0.644209325
1523957650221645824.000000 0.595206261 -2.577344894 2.490315676 -0.649800301 -0.377289027 -0.149760589 0.642638564
1523957650471766528.000000 0.603408575 -2.591843843 2.532537937 -0.649711668 -0.379916340 -0.150129497 0.641092420
1523957650722729216.000000 0.619005561 -2.603413343 2.589569092 -0.651082754 -0.380589515 -0.146923944 0.640043914
1523957650921348864.000000 0.637339950 -2.608154774 2.644783974 -0.655333281 -0.374771416 -0.136563435 0.641432106
1523957651123528448.000000 0.661088943 -2.608790636 2.707885265 -0.663024664 -0.368563473 -0.121888913 0.640079975
1523957651272066816.000000 0.678334117 -2.607628584 2.751742363 -0.668152273 -0.362031549 -0.110870279 0.640479207
1523957651421714944.000000 0.698849320 -2.603489161 2.795459270 -0.673735142 -0.354480147 -0.097598903 0.641014278
1523957651822536448.000000 0.746237993 -2.588639021 2.891322613 -0.686429262 -0.335824162 -0.070599668 0.641133904
1523957652072899328.000000 0.764261246 -2.577602148 2.932145596 -0.691015661 -0.331225574 -0.064119816 0.639277458
1523957652923276544.000000 0.760686755 -2.538245916 2.983382702 -0.705228627 -0.346394122 -0.062884971 0.615393519
1523957653373339648.000000 0.755516529 -2.513520241 2.996253490 -0.720373929 -0.344006509 -0.041068628 0.600861311
1523957653822832128.000000 0.783219576 -2.477542639 3.023293495 -0.743937194 -0.315940022 0.010807694 0.588746607
1523957654222810112.000000 0.811033964 -2.443928480 3.041504860 -0.755560756 -0.295999706 0.037410274 0.583191752
1523957654574328064.000000 0.824395359 -2.422292948 3.053977966 -0.762629271 -0.287189305 0.047603156 0.577626824
1523957654723626752.000000 0.826177835 -2.416986227 3.056043386 -0.765781403 -0.284918725 0.052165568 0.574176729
1523957656024862464.000000 0.884790123 -2.391596317 3.111050129 -0.797030032 -0.247965902 0.121976413 0.537008286
1523957656224026880.000000 0.907372296 -2.384523153 3.129716635 -0.801191330 -0.235749498 0.131984934 0.533942521
1523957656574353408.000000 0.947228491 -2.373899460 3.163560390 -0.805188954 -0.220009282 0.141252503 0.532272875
1523957656824752640.000000 0.972939432 -2.369573832 3.188726664 -0.806740522 -0.213114858 0.143610343 0.532097578
1523957658124776192.000000 1.014593720 -2.383285761 3.284837008 -0.814140201 -0.213302299 0.153865635 0.517690420
1523957658425319168.000000 1.019539118 -2.386907101 3.303422689 -0.816198647 -0.216644615 0.152108610 0.513563871
1523957658774849024.000000 1.029461026 -2.391399384 3.323794842 -0.818425179 -0.217113465 0.154265568 0.509160221
1523957659575252992.000000 1.099633574 -2.369312286 3.388612270 -0.829845905 -0.184836119 0.188631684 0.491537839
1523957659776403712.000000 1.125540972 -2.358801842 3.405762911 -0.832914293 -0.172141626 0.199106947 0.486803323
1523957659875429376.000000 1.140013695 -2.353434563 3.412575960 -0.833903074 -0.165691331 0.204467088 0.485123962
1523957660225268480.000000 1.192005992 -2.329122066 3.439725637 -0.838121533 -0.145072922 0.219750881 0.477719277
1523957660727052800.000000 1.267800689 -2.287524223 3.478102922 -0.842535138 -0.120771907 0.234188378 0.469791979
1523957661027399936.000000 1.290640593 -2.267652750 3.500305653 -0.846022367 -0.115641929 0.237738892 0.462983131
1523957661226725120.000000 1.295035481 -2.259050131 3.508519888 -0.847008348 -0.117219098 0.239869967 0.459672630
1523957662926672640.000000 1.247292042 -2.236763000 3.610090971 -0.849507809 -0.168152094 0.228778780 0.444659024
1523957663677460480.000000 1.296165824 -2.171961546 3.738879681 -0.849522829 -0.192288533 0.197802737 0.449677855
1523957663778538752.000000 1.301470876 -2.161356926 3.758392572 -0.850113988 -0.195548430 0.192902431 0.449283481
1523957663877034496.000000 1.306221485 -2.151288271 3.775571585 -0.850277841 -0.199230522 0.188110918 0.449387491
1523957665529035520.000000 1.210687399 -2.068117142 3.896069765 -0.846333921 -0.262707084 0.155827239 0.436373383
1523957666679683328.000000 1.185021877 -1.990900517 3.927265167 -0.862875521 -0.231801286 0.194067344 0.405033290
1523957666879036416.000000 1.194676638 -1.965489626 3.944771767 -0.866598547 -0.226036593 0.196310177 0.399220198
1523957667779045888.000000 1.225623965 -1.853629351 4.040439606 -0.880463719 -0.204691648 0.211354464 0.371771783
1523957668779650304.000000 1.253659010 -1.738763332 4.154450417 -0.899696290 -0.152443707 0.248230904 0.325098306
1523957669028919808.000000 1.279840112 -1.696960449 4.184966087 -0.903474927 -0.146492586 0.248963401 0.316686451
1523957669579989504.000000 1.321188569 -1.606909752 4.254973412 -0.910238266 -0.144392535 0.246974990 0.299366683
1523957671980801792.000000 1.403710127 -1.402861238 4.319305897 -0.922684789 -0.129405051 0.255186588 0.258431762
1523957672631383552.000000 1.368379474 -1.370718718 4.335083485 -0.919400215 -0.162199333 0.246294364 0.260257214
1523957675631868928.000000 1.317330360 -1.235950351 4.388418198 -0.916136324 -0.216855139 0.240681142 0.236094728
1523957676282557440.000000 1.322891951 -1.197209477 4.418767929 -0.913739324 -0.237617165 0.233650133 0.232435405
1523957676432317184.000000 1.323240042 -1.183515310 4.432282925 -0.912866175 -0.242315382 0.232033029 0.232635394
1523957676782961664.000000 1.321419477 -1.130866289 4.475972652 -0.910790026 -0.254176527 0.229444861 0.230674937
1523957677583226624.000000 1.337069750 -0.974783659 4.559762001 -0.913969398 -0.250852823 0.238710240 0.211542413
1523957681834466304.000000 1.244297147 -0.726343513 4.558321476 -0.880733609 -0.377552122 0.213522270 0.190186530
1523957682684860928.000000 1.205145478 -0.759547949 4.540722370 -0.889757454 -0.358003139 0.225648567 0.171020880
1523957682885299200.000000 1.208468676 -0.747728825 4.540579796 -0.896450341 -0.338484824 0.234833464 0.163273036
1523957683185739520.000000 1.228499293 -0.707948327 4.539674759 -0.907174885 -0.303754300 0.249225959 0.150510773
1523957683585811968.000000 1.278430700 -0.622917652 4.530970573 -0.919560730 -0.257046551 0.265225172 0.134129480
1523957683885419776.000000 1.317410350 -0.563152790 4.523292542 -0.925859332 -0.229342222 0.273064375 0.124990016
1523957685386310144.000000 1.358727932 -0.485024571 4.493489742 -0.931129515 -0.208310634 0.282793641 0.098143868
1523957688237646336.000000 1.289555073 -0.275984049 4.557737827 -0.912647009 -0.293385714 0.272181571 0.083171859
1523957688538818560.000000 1.279105902 -0.236022949 4.570335865 -0.910586238 -0.301939368 0.270585626 0.080303945
1523957688738163456.000000 1.271341205 -0.209733963 4.576580048 -0.908685029 -0.307961971 0.270829499 0.078117579
1523957688889013504.000000 1.264804721 -0.186615944 4.581931114 -0.907050192 -0.313535601 0.270680815 0.075414598
1523957689137451776.000000 1.251728415 -0.153233647 4.592178345 -0.905151010 -0.322358161 0.267316997 0.072996460
1523957689438850560.000000 1.236384630 -0.110013723 4.599305153 -0.901499212 -0.334885269 0.265254229 0.069218911
1523957689889413376.000000 1.208340883 -0.038460493 4.609751225 -0.896027565 -0.354619145 0.259438545 0.063808493
1523957690088533504.000000 1.191679239 -0.008284688 4.615044117 -0.893031657 -0.364230692 0.257006168 0.061468281
1523957691088412672.000000 1.092503190 0.091466546 4.624921322 -0.876615524 -0.406831354 0.253636658 0.041254606
1523957691640114432.000000 1.039559126 0.130430877 4.621823311 -0.865094244 -0.431120515 0.254814476 0.028579440
1523957692039339520.000000 1.002563715 0.167788923 4.622797966 -0.856586158 -0.449443072 0.252570570 0.021663057
1523957692189906176.000000 0.989012241 0.183475494 4.623894691 -0.853332639 -0.456281364 0.251465052 0.019901805
1523957692338907904.000000 0.974624991 0.199911714 4.625919819 -0.850165844 -0.462845862 0.250351995 0.017767243
1523957692888942592.000000 0.916908503 0.252535164 4.637823582 -0.838886857 -0.485588670 0.245707184 0.010021846
1523957693089820672.000000 0.895526171 0.270163715 4.642751694 -0.834790766 -0.493544936 0.243900642 0.007088255
1523957693339011072.000000 0.867578268 0.292491376 4.648300648 -0.829223812 -0.503923118 0.241753846 0.002118789
1523957694641350400.000000 0.718928099 0.370227158 4.690719128 0.795406699 0.562354088 -0.224814996 0.023330435
1523957694891144960.000000 0.691864848 0.381499171 4.699621677 0.787761271 0.574332535 -0.221161306 0.025729505
1523957695140909568.000000 0.663080454 0.391140103 4.708365440 0.779198468 0.587087572 -0.217517868 0.029392576
1523957696040376064.000000 0.558284879 0.428802341 4.741441250 0.745199919 0.635030031 -0.200575709 0.034399364
1523957696590833408.000000 0.492209315 0.433843732 4.763097286 0.722053289 0.664045095 -0.191023558 0.034543879
1523957696841726976.000000 0.464924216 0.433577269 4.771366119 0.711246133 0.676443100 -0.187988058 0.034845155
1523957697241105152.000000 0.420644999 0.440442920 4.781599522 0.695770144 0.694176376 -0.181378290 0.033540580
1523957697841154816.000000 0.347458124 0.478965998 4.788678169 0.698385537 0.692426920 -0.176304519 0.041466292
1523957698191232768.000000 0.301553130 0.501508355 4.791119576 0.693310797 0.698956966 -0.169966698 0.043480966
1523957699992420096.000000 0.190066934 0.434096605 4.758817196 0.634445727 0.753590643 -0.159051850 0.065439157
1523957700292961536.000000 0.176599622 0.424362898 4.757642269 0.637999475 0.750243425 -0.157846794 0.071943529
1523957700943018240.000000 0.135052919 0.452795684 4.754804611 0.658760369 0.730291903 -0.158348218 0.087374799
1523957701042982144.000000 0.126651883 0.457947969 4.755925655 0.659142673 0.730214000 -0.157279775 0.087071978
1523957704093641984.000000 -0.100486398 0.503988326 4.770231247 0.658084095 0.730845630 -0.132333159 0.123603813
1523957704644233216.000000 -0.133172512 0.570041537 4.751646042 0.716946185 0.668089986 -0.132167742 0.148914918
1523957704794549248.000000 -0.142035484 0.592551112 4.744254589 0.732309639 0.649675548 -0.131357536 0.156171069
1523957704943973120.000000 -0.147811174 0.616333306 4.737367153 0.747240067 0.631098509 -0.131419808 0.161479980
1523957705644292608.000000 -0.174853086 0.725497961 4.698714256 0.798617721 0.560151696 -0.122799456 0.182647496
1523957705845926656.000000 -0.184501410 0.743205726 4.689876080 0.805240512 0.552787542 -0.115310758 0.180878624
1523957706794842112.000000 -0.264412642 0.838769078 4.646524906 0.806879699 0.548464000 -0.104919381 0.192676634
1523957706995195392.000000 -0.289313197 0.851599216 4.637192726 0.804567635 0.550595462 -0.103533477 0.196967930
1523957707296230912.000000 -0.321796417 0.866499186 4.623683453 0.800753415 0.554478228 -0.103298172 0.201686606
1523957708296244736.000000 -0.402077794 0.920146704 4.569796562 0.808485746 0.534637749 -0.098854400 0.225257844
1523957708796331520.000000 -0.420990348 0.947267413 4.538876057 0.814867854 0.517619908 -0.096184313 0.242505074
1523957709445975040.000000 -0.449321866 0.990816236 4.498163223 0.828955054 0.486697137 -0.085472345 0.262018919
1523957709997238272.000000 -0.473458290 1.033994079 4.463122845 0.843712628 0.453941494 -0.075478807 0.276385754
1523957710546878720.000000 -0.487054706 1.070325375 4.429360390 0.858005524 0.416574925 -0.067742892 0.292750388
1523957710748000768.000000 -0.492918134 1.086959600 4.414524555 0.862019956 0.404649824 -0.063259132 0.298627526
1523957711347472384.000000 -0.499240160 1.143112898 4.374086857 0.872393847 0.372599572 -0.052275959 0.312035024
1523957712697267200.000000 -0.509110332 1.275960922 4.281400681 0.886128664 0.312765002 -0.032098904 0.340475768
1523957713048261120.000000 -0.513346672 1.315742970 4.253378868 0.886715710 0.303689927 -0.028239913 0.347433686
1523957713349159424.000000 -0.515652657 1.344363451 4.230675697 0.887293756 0.296533555 -0.026472161 0.352245420
1523957714498232064.000000 -0.539537549 1.405550480 4.141975403 0.881243825 0.284573764 -0.021552680 0.376779318
1523957715298676224.000000 -0.555929303 1.442994595 4.083333969 0.879382432 0.271123230 -0.018235115 0.390955627
1523957715499732480.000000 -0.556217313 1.456937313 4.066428661 0.879942775 0.264529347 -0.016970580 0.394254923
1523957715698557184.000000 -0.558199942 1.473675489 4.047571182 0.880094230 0.258108914 -0.014216227 0.398260951
1523957715949368832.000000 -0.555618346 1.493508339 4.026462555 0.881289661 0.248040512 -0.011951637 0.402071625
1523957718753475328.000000 -0.493895859 1.622190952 3.825937271 0.877623737 0.134655625 0.021856412 0.459528774
1523957719249780480.000000 -0.480578482 1.653434277 3.788764954 0.876144946 0.121844903 0.026189636 0.465658605
1523957719450379520.000000 -0.475148320 1.668327332 3.772537231 0.875466347 0.117781423 0.028990034 0.467809588
1523957719651962624.000000 -0.466288805 1.681245804 3.757285118 0.875560880 0.111369148 0.030088134 0.469132006
1523957720100281088.000000 -0.453800917 1.708230495 3.725667477 0.875072896 0.093019590 0.034091104 0.473743141
1523957721401472768.000000 -0.390796602 1.776003838 3.639025211 0.872228205 0.042398728 0.050237596 0.484661222
1523957723351917568.000000 -0.296922326 1.791932583 3.527774572 0.849835038 -0.026332295 0.056319959 0.523369014
1523957723651946752.000000 -0.278027654 1.802294970 3.505709887 0.846245110 -0.039187510 0.057380676 0.528243363
1523957724103640064.000000 -0.254856616 1.821321011 3.469473362 0.841248453 -0.057821162 0.063577957 0.533774853
1523957724302056704.000000 -0.235690922 1.833218336 3.451525927 0.838937640 -0.066116393 0.066354975 0.536105692
1523957724652548608.000000 -0.200841665 1.853286505 3.421183348 0.836136639 -0.076092698 0.075683437 0.537919521
1523957724753946112.000000 -0.189443409 1.858769178 3.410864830 0.834908545 -0.079322718 0.077480793 0.539103329
1523957725006056192.000000 -0.166620016 1.872717142 3.387702942 0.832148075 -0.086036265 0.083317414 0.541466117
1523957725152375808.000000 -0.148833096 1.878793001 3.374204159 0.830275238 -0.092354469 0.083762042 0.543228924
1523957726854098432.000000 -0.049051166 1.898957014 3.248075485 0.812731326 -0.135253534 0.091200173 0.559336007
1523957727704281344.000000 0.003710389 1.904100657 3.199461460 0.803636074 -0.160235390 0.089664541 0.566086531
1523957728403734272.000000 0.049067378 1.898461580 3.179678202 0.792949498 -0.180482090 0.090955205 0.574790776
1523957729905361152.000000 0.146168113 1.903462172 3.118123770 0.770331264 -0.219237447 0.090790845 0.591846049
1523957730604685568.000000 0.224938154 1.917187214 3.056253910 0.759309709 -0.226577729 0.083737776 0.604234457
1523957730706404096.000000 0.237264872 1.919262171 3.044245481 0.758144736 -0.227118120 0.082111709 0.605715752
1523957731055692032.000000 0.280763865 1.932578325 3.001701832 0.755873442 -0.226466104 0.079338558 0.609158278
1523957731655927296.000000 0.353546143 1.953030586 2.930717230 0.755797982 -0.222506046 0.074375257 0.611333609
1523957732306240768.000000 0.425478816 1.955199242 2.855648279 0.750364602 -0.220068783 0.061894886 0.620235324
1523957733906141440.000000 0.470121562 1.915240049 2.728832960 0.738580823 -0.174193829 0.030551657 0.650554717
1523957734156182784.000000 0.469459176 1.911077499 2.706243038 0.739063978 -0.164538682 0.024420099 0.652774930
1523957735307571456.000000 0.475155354 1.885475874 2.604597330 0.738169074 -0.144391075 -0.009892731 0.658908010
1523957736207007744.000000 0.495723963 1.868624449 2.551679134 0.727985203 -0.163078398 -0.012124176 0.665804863
1523957737057588224.000000 0.524145722 1.840369940 2.549249887 0.712353468 -0.215209961 0.004261525 0.667996287
1523957737208191744.000000 0.529231012 1.834405661 2.553651810 0.707202375 -0.234318838 0.015904026 0.666863203
1523957737359154176.000000 0.534405053 1.828588247 2.559272528 0.700560629 -0.256161749 0.029834768 0.665361464
1523957737858818304.000000 0.557438016 1.808924913 2.583403587 0.678354263 -0.314190269 0.065379888 0.660942852
1523957741109753344.000000 0.876737118 1.761074543 2.533172369 0.651180148 -0.343428493 0.086343244 0.671242237
1523957741909684992.000000 0.925536633 1.727697134 2.489545822 0.645428538 -0.341203332 0.072681718 0.679499567
1523957742361103360.000000 0.952402353 1.700764656 2.471171856 0.643168390 -0.339966059 0.061455287 0.683359981
1523957744610829056.000000 0.984395444 1.623165369 2.295547724 0.644788444 -0.288069785 -0.019123128 0.707741439
1523957745711989760.000000 0.988318264 1.599775314 2.243652821 0.630340457 -0.295452118 -0.032227788 0.717175245
1523957746961525248.000000 1.054640293 1.564864397 2.229066372 0.599507749 -0.339706510 -0.014483371 0.724555135
1523957747413858304.000000 1.091205359 1.543778539 2.233955622 0.583941579 -0.361163050 -0.002039640 0.727027714
1523957748013688064.000000 1.143307447 1.513388038 2.242544174 0.553672135 -0.410675347 0.038320955 0.723411679
1523957748712558336.000000 1.217270136 1.460204482 2.268974304 0.516670525 -0.461544961 0.079870492 0.716692805
1523957751814697728.000000 1.280483246 1.322486162 2.323886395 0.424061745 -0.568296134 0.147904724 0.689445674
1523957752464460800.000000 1.245912790 1.331057549 2.395723343 0.342350483 -0.645855784 0.231858969 0.641800582
1523957753016677376.000000 1.220637321 1.348055601 2.468475342 0.262916744 -0.695786178 0.302275121 0.596142709
1523957753315764480.000000 1.206288576 1.363344431 2.508939743 0.221950576 -0.716291130 0.340084136 0.567457318
1523957753914518272.000000 1.187734604 1.393253207 2.583283663 0.141903907 -0.748476684 0.408421576 0.502829731
1523957754214511872.000000 1.179490328 1.409119844 2.619641781 0.105484195 -0.759226084 0.438591242 0.469133824
1523957754765578496.000000 1.161761284 1.441033721 2.688971519 0.054538012 -0.765956402 0.478586078 0.425783694
1523957755114820864.000000 1.147404671 1.460662007 2.737062454 0.033295028 -0.767001212 0.492079705 0.410436660
1523957756266279936.000000 1.101314545 1.493236303 2.851950884 -0.009875539 -0.776455879 0.519442141 0.356648952
1523957760667237888.000000 0.992244363 1.462947369 2.946844339 -0.127178192 -0.804770350 0.543852746 0.200984091
1523957761567963904.000000 0.984916091 1.491251469 2.970125198 -0.198720589 -0.794204116 0.559892893 0.127553612
1523957761667837440.000000 0.976578593 1.498552561 2.977015734 -0.206432283 -0.792173803 0.562316775 0.116817713
1523957761867815936.000000 0.959500432 1.513351679 2.994708776 -0.224967659 -0.786454439 0.566491842 0.099829450
1523957762719176448.000000 0.829917312 1.591610909 3.090794802 -0.254167259 -0.778500438 0.568750620 0.076542899
1523957767370744320.000000 0.764115036 1.449811935 3.386706829 -0.101976603 -0.846459389 0.498852730 0.155734837
1523957767570107904.000000 0.762966514 1.442548275 3.407676935 -0.100477405 -0.848689377 0.494933695 0.157070771
1523957767869986816.000000 0.758842289 1.433851480 3.431700468 -0.097162537 -0.851115346 0.491264731 0.157547101
1523957768571180544.000000 0.740115583 1.416669130 3.472779989 -0.100305185 -0.858579099 0.480912507 0.146642685
1523957769621075968.000000 0.654141843 1.418548107 3.510049582 -0.225266770 -0.843351543 0.486058533 0.041954022
1523957770472489216.000000 0.568603992 1.418216467 3.568950653 -0.279553652 -0.834762275 0.474363625 0.000954914
1523957770623061248.000000 0.555794179 1.415795922 3.579718590 0.280596942 0.835520685 -0.472407252 0.001391925
1523957771775204608.000000 0.466914475 1.388525248 3.683936596 -0.265296519 -0.849596620 0.455762953 0.009136709
1523957771921919488.000000 0.457992971 1.384198904 3.693771362 -0.259699970 -0.852727830 0.453085572 0.011163903
1523957775423457024.000000 0.355001956 1.257037640 3.845523834 -0.110066973 -0.904300153 0.406752199 0.068404399
1523957776073873408.000000 0.356391519 1.214497328 3.878686190 -0.085929930 -0.914061904 0.389496684 0.073479407
1523957776674743296.000000 0.361161441 1.171779633 3.909668684 -0.071878888 -0.923200071 0.370716423 0.071445614
1523957776924842240.000000 0.357025087 1.150889039 3.926697016 -0.069672070 -0.927248716 0.361281276 0.069508746
1523957777624247552.000000 0.344508410 1.094881177 3.972781181 -0.047072068 -0.937997341 0.335055739 0.075384833
1523957778074508032.000000 0.336666167 1.058028579 4.004214287 -0.037120532 -0.943589091 0.320022643 0.076467171
1523957778976386560.000000 0.289822698 0.981149197 4.073818684 -0.078621648 -0.948146701 0.304058403 0.048836313
1523957779075796224.000000 0.280857325 0.972262621 4.080054283 -0.081885502 -0.948827446 0.301642239 0.045091432
1523957779375368704.000000 0.264025390 0.951504230 4.097640038 -0.087234378 -0.950581193 0.294918120 0.042531811
1523957780125594112.000000 0.230139494 0.910426736 4.118299961 -0.071048632 -0.958523691 0.272067487 0.046515290
1523957780526882816.000000 0.230619758 0.900186062 4.113411427 -0.067111418 -0.960949540 0.264377326 0.046655744
1523957781477116416.000000 0.216277063 0.885180831 4.103597641 -0.076318026 -0.966629565 0.242609695 0.030714020
1523957783176655616.000000 0.062884569 0.860066652 4.140359879 0.125119746 0.964003205 -0.234032750 0.016480753
1523957784628998400.000000 -0.046879172 0.777712345 4.185495377 0.162475988 0.961955726 -0.208481908 0.069123924
1523957784778583296.000000 -0.057870269 0.766777158 4.189853191 0.166350782 0.961930692 -0.204199016 0.072935112
1523957785177559296.000000 -0.084139466 0.740519702 4.196656227 0.171720311 0.962655246 -0.193557337 0.079640351
1523957785578163456.000000 -0.104062796 0.715369344 4.201482296 0.171764195 0.964840472 -0.180403396 0.083872586
1523957785978313984.000000 -0.121681690 0.689654410 4.204618931 0.170118511 0.967136860 -0.166395694 0.089546122
1523957786378686208.000000 -0.139166713 0.662583113 4.207844734 0.168060437 0.969129920 -0.152825668 0.095849961
1523957786979134464.000000 -0.164320946 0.620769382 4.215402126 0.167783946 0.970687985 -0.134563804 0.107266031
1523957787229982976.000000 -0.177348733 0.603141844 4.217811584 0.166355461 0.971533358 -0.128049508 0.109782085
1523957787678597120.000000 -0.204189539 0.571960628 4.222899914 0.159799695 0.973811388 -0.118066385 0.110525206
1523957787927620864.000000 -0.217473030 0.554705620 4.225518227 0.153687820 0.975577831 -0.113351673 0.108532675
1523957788178715392.000000 -0.229789138 0.538141191 4.227982998 0.146519497 0.977142870 -0.108897038 0.108928189
1523957788330468864.000000 -0.236172199 0.526983976 4.229469776 0.141394630 0.978279829 -0.104623318 0.109681636
1523957788729046528.000000 -0.249068975 0.501303077 4.231693268 0.126018375 0.981133997 -0.097720422 0.109298751
1523957789129140480.000000 -0.260066271 0.474815965 4.233175278 0.109515607 0.983707726 -0.088979416 0.111391775
1523957789280824320.000000 -0.264226556 0.465276867 4.233228207 0.102335855 0.984578788 -0.086436413 0.112520188
1523957789381025280.000000 -0.266049266 0.458861023 4.233845711 0.098189794 0.985199630 -0.084389724 0.112333789
1523957790231215616.000000 -0.302682757 0.406649530 4.231614113 0.104921103 0.983464599 -0.065017000 0.132520780
1523957790479897856.000000 -0.319301009 0.391195536 4.229440689 0.117269464 0.981899559 -0.058600616 0.136700645
1523957790729744640.000000 -0.339313149 0.378509045 4.225601673 0.137772277 0.978355348 -0.054307725 0.144534722
1523957791280132864.000000 -0.378604650 0.353099704 4.214978695 0.181141436 0.969674706 -0.040363178 0.159026846
1523957791533607936.000000 -0.393580079 0.342019051 4.209997177 0.186934978 0.968612552 -0.034492966 0.160172820
1523957791680753920.000000 -0.400935173 0.335095882 4.207274437 0.186872497 0.968616486 -0.030517383 0.161026344
1523957791830995968.000000 -0.407784581 0.327239573 4.204344749 0.185075596 0.968838811 -0.025163930 0.162681282
1523957792581065472.000000 -0.425853729 0.290985733 4.191457748 0.166646436 0.970239043 -0.002284628 0.175670102
1523957793130715904.000000 -0.430267334 0.260553390 4.187471390 0.150651202 0.970044434 0.017570196 0.189761356
1523957793430825216.000000 -0.436776876 0.243752182 4.185670853 0.141659975 0.969877899 0.027268533 0.196279839
1523957793782226944.000000 -0.451172590 0.220672548 4.182277203 0.130256221 0.970700145 0.037493039 0.198415741
1523957794232855296.000000 -0.478184700 0.184414685 4.175385475 0.112230979 0.972345054 0.049321309 0.198788166
1523957794382421248.000000 -0.485499144 0.172755837 4.174218178 0.105965890 0.972959280 0.051619455 0.198637590
1523957794532683008.000000 -0.491804361 0.159704149 4.172885895 0.100288890 0.973325491 0.055535872 0.198734567
1523957794931865088.000000 -0.508347273 0.126110971 4.167767525 0.082867399 0.974090874 0.063492589 0.200620860
1523957795283151104.000000 -0.518580675 0.096109390 4.163475037 0.065848522 0.975076914 0.069417834 0.200175554
1523957795532166144.000000 -0.526313782 0.074291706 4.159074783 0.053980745 0.975476325 0.073499247 0.200324416
1523957795682571264.000000 -0.530208111 0.061051846 4.156171799 0.047013875 0.975589216 0.075695947 0.200712740
1523957795881930240.000000 -0.534917355 0.043192744 4.151867390 0.037378360 0.975568533 0.078820154 0.201634049
1523957796082001920.000000 -0.538805962 0.025809824 4.147547722 0.028275423 0.975633621 0.081315771 0.201809987
1523957796482230528.000000 -0.545717955 -0.009400070 4.136598587 0.010244167 0.975423336 0.086824276 0.202252030
1523957796882461952.000000 -0.549849987 -0.041176021 4.124773979 -0.005334571 0.974485934 0.092724197 0.204330683
1523957797132570624.000000 -0.550102711 -0.058695793 4.116523743 -0.016045488 0.973680615 0.096208222 0.205991834
1523957797932769792.000000 -0.530940533 -0.100613773 4.097007751 -0.052730534 0.967987478 0.111084022 0.218815222
1523957798233355776.000000 -0.520963192 -0.110796213 4.091613770 -0.065807484 0.965135217 0.116095908 0.225177884
1523957798533552640.000000 -0.511603117 -0.120747626 4.086754799 -0.078717709 0.961902201 0.122625858 0.231323794
1523957799286693888.000000 -0.498769283 -0.151042759 4.075913429 -0.108388297 0.955140471 0.135726497 0.239868745
1523957799683420416.000000 -0.498480797 -0.183381081 4.068130970 -0.126722768 0.952135623 0.143083602 0.238550186
1523957799883569920.000000 -0.498077631 -0.200545669 4.064109802 -0.135724410 0.950166702 0.146839455 0.239166036
1523957800034277888.000000 -0.496450424 -0.213225722 4.062035561 -0.142960563 0.948956370 0.148969218 0.238437176
1523957800433947136.000000 -0.491325617 -0.251169384 4.054543018 -0.163754687 0.943690300 0.158331662 0.239925265
1523957800934128128.000000 -0.480510712 -0.295703679 4.045553207 -0.192120194 0.936107993 0.168892860 0.241385266
1523957801384512256.000000 -0.466688633 -0.334677786 4.036742210 -0.220604032 0.928154111 0.177757412 0.241383791
1523957801584461824.000000 -0.460636139 -0.354879946 4.030818939 -0.230257317 0.924562514 0.183689117 0.241710693
1523957801836022528.000000 -0.455492020 -0.379882783 4.021940708 -0.223341063 0.923938870 0.193390235 0.243014202
1523957802336250880.000000 -0.449611902 -0.430308998 3.997170210 -0.189555615 0.925247431 0.219463661 0.244584650
1523957802484634880.000000 -0.447091579 -0.445305765 3.988794327 -0.188930973 0.923751891 0.226074949 0.244699270
1523957802788459264.000000 -0.440679073 -0.472421050 3.974033833 -0.194389910 0.920397043 0.235515177 0.244160876
1523957803085773056.000000 -0.431244850 -0.499118090 3.958585978 -0.205308884 0.915984035 0.244200468 0.243285298
1523957803485613568.000000 -0.414781332 -0.537599623 3.936868668 -0.223980322 0.908876717 0.254182607 0.243242949
1523957803636491008.000000 -0.406576395 -0.552982271 3.928018332 -0.232224360 0.905845642 0.258494228 0.242273062
1523957803885798400.000000 -0.392321587 -0.578760743 3.911704063 -0.247872755 0.899538696 0.265771300 0.242394045
1523957804035947264.000000 -0.381715536 -0.591880262 3.903555393 -0.258015096 0.895735025 0.269196630 0.242115989
1523957804185771520.000000 -0.371665716 -0.605963945 3.894563675 -0.268135220 0.891288340 0.273333699 0.242893562
1523957804336001280.000000 -0.361010790 -0.617836118 3.886838436 -0.278737098 0.887125373 0.276154965 0.243007481
1523957804835636480.000000 -0.318477869 -0.651812732 3.859948874 -0.314300030 0.868721604 0.293538094 0.245710447
1523957804985840128.000000 -0.304847956 -0.660316825 3.853228569 -0.324463814 0.863790333 0.297437727 0.245194450
1523957805135727104.000000 -0.292032480 -0.669128299 3.844965219 -0.334498465 0.857876420 0.302382231 0.246422231
1523957805486114560.000000 -0.262027979 -0.688953280 3.826206923 -0.352251977 0.846542299 0.313542098 0.246933207
1523957805635907840.000000 -0.249233484 -0.697376132 3.817695379 -0.358180910 0.842073143 0.318660915 0.247132555
1523957805787322624.000000 -0.237988949 -0.705441833 3.808985233 -0.363533616 0.837580204 0.322988719 0.248959929
1523957805986800896.000000 -0.221021652 -0.715120971 3.798335552 -0.372354746 0.831344604 0.329033017 0.248908326
1523957806136615424.000000 -0.209080219 -0.722635150 3.790309668 -0.380499750 0.826096773 0.331977069 0.250150830
1523957806287290880.000000 -0.197321653 -0.728989780 3.782414198 -0.388979018 0.821026623 0.334010661 0.251092821
1523957806436296704.000000 -0.186025858 -0.734836698 3.775048494 -0.395024955 0.816754043 0.336504012 0.252256215
1523957806686538752.000000 -0.166609764 -0.745734334 3.761909723 -0.396506369 0.813105345 0.343956977 0.251666367
1523957806836755968.000000 -0.156564474 -0.752715349 3.753182411 -0.392638266 0.813160479 0.348921239 0.250717610
1523957806986615296.000000 -0.146851063 -0.758335114 3.745876551 -0.388618201 0.813924670 0.352409512 0.249619916
1523957807137064192.000000 -0.136305332 -0.764637470 3.738065004 -0.385943234 0.812932611 0.358295768 0.248621255
1523957807286897920.000000 -0.124660015 -0.769149423 3.731109381 -0.385365278 0.811295033 0.363753289 0.246936321
1523957807437405184.000000 -0.114570856 -0.774082184 3.723428011 -0.383972108 0.809453547 0.369721025 0.246285871
1523957807537193728.000000 -0.107490540 -0.776994944 3.718433857 -0.382968336 0.808362782 0.374071151 0.244858116
1523957807687702784.000000 -0.097521782 -0.781000018 3.711676598 -0.380308449 0.807645619 0.380017042 0.242200717
1523957808137922816.000000 -0.070918083 -0.794937909 3.687435150 -0.364083797 0.805794179 0.403629780 0.234993041
1523957808237136384.000000 -0.066495895 -0.797828555 3.681787252 -0.359268278 0.805780113 0.408831358 0.233456075
1523957808338554368.000000 -0.060496569 -0.801235080 3.675384521 -0.355823129 0.804901063 0.415504009 0.229957923
1523957809038271744.000000 -0.034633636 -0.826930523 3.627281666 -0.331921101 0.803730547 0.447443664 0.208901212
1523957809188094464.000000 -0.029123306 -0.832572579 3.616855621 -0.326114714 0.803471863 0.454340309 0.204100624
1523957809388249856.000000 -0.023514032 -0.840554118 3.601511002 -0.317119569 0.803115129 0.463319987 0.199438959
1523957809488379904.000000 -0.020127058 -0.844468594 3.594406605 -0.314125091 0.802885830 0.466942996 0.196631730
1523957809739369216.000000 -0.012196541 -0.855259299 3.574781179 -0.305620551 0.801509738 0.477648944 0.189815059
1523957810638118400.000000 0.012344837 -0.883648038 3.508913040 -0.273738354 0.797606707 0.511085331 0.166381091
1523957811838585344.000000 0.045066595 -0.924531817 3.394667387 -0.263545305 0.772510707 0.557697296 0.150813863
1523957811989044480.000000 0.050623417 -0.929654241 3.378203869 -0.265882283 0.766812921 0.564448893 0.150672019
1523957812239159552.000000 0.060771704 -0.935996532 3.354777575 -0.274222583 0.760373116 0.569596052 0.148980454
1523957812339432704.000000 0.064102411 -0.938578010 3.344675541 -0.277677566 0.757974684 0.571105719 0.149022847
1523957812541349120.000000 0.070021868 -0.944946170 3.317997932 -0.282135308 0.749909520 0.578783572 0.151805624
1523957815191718400.000000 0.183991194 -0.926505566 3.150605440 -0.387548059 0.656595767 0.611519635 0.211500034
1523957815541531136.000000 0.198358774 -0.915463626 3.144596338 -0.395391911 0.637621522 0.621584654 0.225247845
1523957815741504256.000000 0.208347082 -0.908673882 3.143750668 -0.402660489 0.627160370 0.625279665 0.231429845
1523957816291455488.000000 0.238152027 -0.894066095 3.142585516 -0.418449491 0.603827715 0.632874608 0.244462296
1523957816390907648.000000 0.243476152 -0.892270684 3.141226530 -0.420832962 0.601068914 0.633503079 0.245539457
1523957817541463040.000000 0.306084633 -0.887038112 3.099957943 -0.459230334 0.562122047 0.633214533 0.268636733
1523957817791162880.000000 0.324363470 -0.885622263 3.091612577 -0.471100211 0.552189231 0.631404340 0.272910625
1523957817891143936.000000 0.332376003 -0.884546518 3.084705830 -0.474230170 0.546402037 0.632983446 0.275467753
1523957823043779072.000000 0.478636265 -0.804129004 2.918084145 -0.406001717 0.523419261 0.731090963 0.163404197
1523957823443415040.000000 0.466521025 -0.812329769 2.882246733 -0.366526902 0.551871896 0.739980102 0.116296507
1523957823694135040.000000 0.453419447 -0.820107937 2.863035202 -0.340742350 0.571644902 0.741424561 0.086060733
1523957824694035968.000000 0.397913218 -0.836772203 2.787686348 0.262631029 -0.589491248 -0.763887167 0.001170194
1523957827396303360.000000 0.385643035 -0.783360958 2.814759254 0.168197855 -0.594837368 -0.784332514 0.051966295
1523957827795414528.000000 0.369803876 -0.790104628 2.811032772 0.134702995 -0.602282345 -0.782182872 0.085446186
1523957828195568896.000000 0.355292588 -0.798206806 2.805177450 0.113002867 -0.605659783 -0.780079305 0.109009206
1523957828495422464.000000 0.341591477 -0.806360722 2.801117182 0.101371251 -0.609495342 -0.777124405 0.119653709
1523957832697371648.000000 0.261900961 -0.796121359 2.673709631 0.085275054 -0.578364789 -0.804084897 0.108027197
1523957832799313408.000000 0.258190155 -0.795070887 2.671200752 0.085656308 -0.577989995 -0.804718196 0.104972370
1523957834148033536.000000 0.255312085 -0.765676498 2.645658970 0.105469391 -0.562364101 -0.817149937 0.069920428
1523957834749417216.000000 0.265058488 -0.752783775 2.638623953 0.109829091 -0.555634320 -0.822265983 0.055558350
1523957834848193536.000000 0.264316857 -0.751780987 2.637483835 0.112335600 -0.555249393 -0.822357774 0.052976720
1523957835449575424.000000 0.255447388 -0.745771885 2.629162788 0.132896081 -0.549845934 -0.823818207 0.036491945
1523957835598634240.000000 0.253313184 -0.744790554 2.628164768 0.137710452 -0.549441755 -0.823493898 0.031739116
1523957835799066368.000000 0.251019597 -0.742511749 2.625762224 0.143939629 -0.547020674 -0.824253559 0.025611175
1523957836148888576.000000 0.250418961 -0.737523079 2.622397661 0.155701280 -0.541856229 -0.825767040 0.016053883
1523957836498915584.000000 0.248976588 -0.732895136 2.620141506 0.161345974 -0.538250208 -0.827188730 0.003607321
1523957836599632896.000000 0.250315309 -0.730939865 2.620138884 0.162558034 -0.536677718 -0.827980459 0.000517523
1523957836799338752.000000 0.253733933 -0.727230072 2.620588779 -0.164759636 0.533462644 0.829597414 0.006322603
